Nr.	Satz	erkannt	natuerlich
1  	03a01Ab.wav	65,00     	35,00     
2  	03a01Eb.wav	60,00     	35,00     
3  	03a01Fa.wav	90,00     	75,00     
4  	03a01Lb.wav	70,00     	35,00     
5  	03a01Nc.wav	100,00     	95,00     
6  	03a01Tc.wav	65,00     	55,00     
7  	03a01Wa.wav	95,00     	90,00     
8  	08a01Aa.wav	75,00     	45,00     
9  	08a01Ab.wav	85,00     	55,00     
10  	08a01Ec.wav	60,00     	20,00     
11  	08a01Fd.wav	90,00     	50,00     
12  	08a01Lc.wav	95,00     	95,00     
13  	08a01Na.wav	95,00     	80,00     
14  	08a01Td.wav	75,00     	40,00     
15  	08a01Wa.wav	95,00     	75,00     
16  	08a01Wc.wav	100,00     	95,00     
17  	09a01Aa.wav	55,00     	25,00     
18  	09a01Ea.wav	100,00     	65,00     
19  	09a01Fa.wav	80,00     	60,00     
20  	09a01Lc.wav	75,00     	65,00     
21  	09a01Nb.wav	95,00     	75,00     
22  	09a01Tc.wav	10,00     	0,00     
23  	09a01Wb.wav	100,00     	85,00     
24  	10a01Ac.wav	90,00     	55,00     
25  	10a01Eb.wav	65,00     	15,00     
26  	10a01Fb.wav	95,00     	50,00     
27  	10a01Lb.wav	75,00     	65,00     
28  	10a01Lc.wav	70,00     	55,00     
29  	10a01Nb.wav	90,00     	85,00     
30  	10a01Tb.wav	35,00     	15,00     
31  	10a01Td.wav	75,00     	60,00     
32  	10a01Wa.wav	95,00     	60,00     
33  	11a01Aa.wav	85,00     	50,00     
34  	11a01Ab.wav	90,00     	70,00     
35  	11a01Ea.wav	25,00     	5,00     
36  	11a01Fa.wav	85,00     	45,00     
37  	11a01Ld.wav	95,00     	70,00     
38  	11a01Nd.wav	100,00     	80,00     
39  	11a01Td.wav	50,00     	30,00     
40  	11a01Wc.wav	100,00     	95,00     
41  	12a01Ab.wav	90,00     	45,00     
42  	12a01Eb.wav	75,00     	55,00     
43  	12a01Fb.wav	95,00     	70,00     
44  	12a01Lb.wav	90,00     	70,00     
45  	12a01Nb.wav	95,00     	75,00     
46  	12a01Tb.wav	60,00     	10,00     
47  	12a01Wc.wav	95,00     	80,00     
48  	13a01Ac.wav	95,00     	60,00     
49  	13a01Ea.wav	85,00     	60,00     
50  	13a01Ec.wav	90,00     	70,00     
51  	13a01Fd.wav	100,00     	80,00     
52  	13a01Lb.wav	100,00     	90,00     
53  	13a01Nb.wav	95,00     	75,00     
54  	13a01Ta.wav	70,00     	30,00     
55  	13a01Wb.wav	100,00     	75,00     
56  	14a01Aa.wav	90,00     	75,00     
57  	14a01Ac.wav	90,00     	80,00     
58  	14a01Ea.wav	85,00     	50,00     
59  	14a01Fa.wav	90,00     	55,00     
60  	14a01La.wav	75,00     	60,00     
61  	14a01Ld.wav	65,00     	45,00     
62  	14a01Na.wav	95,00     	75,00     
63  	14a01Tb.wav	45,00     	20,00     
64  	14a01Td.wav	45,00     	35,00     
65  	14a01Wa.wav	95,00     	90,00     
66  	14a01Wc.wav	95,00     	65,00     
67  	15a01Ad.wav	45,00     	15,00     
68  	15a01Ea.wav	95,00     	70,00     
69  	15a01Fb.wav	85,00     	60,00     
70  	15a01La.wav	100,00     	95,00     
71  	15a01Nb.wav	95,00     	85,00     
72  	15a01Tb.wav	75,00     	20,00     
73  	15a01Tc.wav	75,00     	50,00     
74  	15a01Wa.wav	95,00     	95,00     
75  	16a01Ab.wav	60,00     	40,00     
76  	16a01Ec.wav	90,00     	70,00     
77  	16a01Fc.wav	95,00     	65,00     
78  	16a01Lb.wav	100,00     	90,00     
79  	16a01Nc.wav	90,00     	85,00     
80  	16a01Tb.wav	100,00     	85,00     
81  	16a01Wb.wav	100,00     	85,00     
82  	03a02Ab.wav	90,00     	40,00     
83  	03a02Ea.wav	55,00     	25,00     
84  	03a02Fc.wav	85,00     	60,00     
85  	03a02Lc.wav	50,00     	35,00     
86  	03a02Nc.wav	100,00     	95,00     
87  	03a02Ta.wav	90,00     	75,00     
88  	03a02Wb.wav	100,00     	85,00     
89  	03a02Wc.wav	100,00     	90,00     
90  	08a02Aa.wav	70,00     	40,00     
91  	08a02Ab.wav	85,00     	60,00     
92  	08a02Ac.wav	85,00     	55,00     
93  	08a02Ec.wav	70,00     	25,00     
94  	08a02Fe.wav	100,00     	100,00     
95  	08a02La.wav	80,00     	75,00     
96  	08a02Na.wav	100,00     	70,00     
97  	08a02Tb.wav	90,00     	60,00     
98  	08a02Wc.wav	100,00     	85,00     
99  	09a02Ac.wav	70,00     	35,00     
100  	09a02Ea.wav	100,00     	75,00     
101  	09a02Eb.wav	85,00     	50,00     
102  	09a02Fa.wav	70,00     	50,00     
103  	09a02La.wav	100,00     	90,00     
104  	09a02Nc.wav	70,00     	45,00     
105  	09a02Ta.wav	35,00     	0,00     
106  	09a02Tb.wav	70,00     	20,00     
107  	09a02Wb.wav	100,00     	85,00     
108  	10a02Ab.wav	85,00     	65,00     
109  	10a02Ed.wav	35,00     	20,00     
110  	10a02Fa.wav	80,00     	45,00     
111  	10a02Lb.wav	90,00     	90,00     
112  	10a02Na.wav	90,00     	85,00     
113  	10a02Ta.wav	45,00     	30,00     
114  	10a02Tb.wav	70,00     	45,00     
115  	10a02Wa.wav	100,00     	80,00     
116  	11a02Ab.wav	85,00     	45,00     
117  	11a02Ec.wav	85,00     	60,00     
118  	11a02Fb.wav	85,00     	50,00     
119  	11a02La.wav	70,00     	45,00     
120  	11a02Ld.wav	80,00     	80,00     
121  	11a02Nc.wav	100,00     	85,00     
122  	11a02Tc.wav	85,00     	85,00     
123  	11a02Wc.wav	100,00     	80,00     
124  	12a02Ac.wav	90,00     	65,00     
125  	12a02Ec.wav	95,00     	70,00     
126  	12a02Fa.wav	35,00     	15,00     
127  	12a02Fb.wav	35,00     	15,00     
128  	12a02La.wav	60,00     	45,00     
129  	12a02Lc.wav	75,00     	75,00     
130  	12a02Nb.wav	90,00     	75,00     
131  	12a02Ta.wav	80,00     	45,00     
132  	12a02Wa.wav	90,00     	70,00     
133  	12a02Wc.wav	95,00     	80,00     
134  	13a02Ad.wav	90,00     	70,00     
135  	13a02Ec.wav	90,00     	60,00     
136  	13a02Fa.wav	90,00     	80,00     
137  	13a02Lc.wav	80,00     	70,00     
138  	13a02Nc.wav	90,00     	80,00     
139  	13a02Ta.wav	95,00     	85,00     
140  	13a02Wa.wav	95,00     	85,00     
141  	14a02Ab.wav	85,00     	60,00     
142  	14a02Ea.wav	95,00     	65,00     
143  	14a02Fd.wav	90,00     	65,00     
144  	14a02La.wav	80,00     	55,00     
145  	14a02Nc.wav	100,00     	85,00     
146  	14a02Tb.wav	80,00     	65,00     
147  	14a02Wa.wav	95,00     	75,00     
148  	14a02Wc.wav	95,00     	90,00     
149  	15a02Ac.wav	80,00     	65,00     
150  	15a02Ea.wav	100,00     	80,00     
151  	15a02Fa.wav	45,00     	5,00     
152  	15a02La.wav	95,00     	85,00     
153  	15a02Lc.wav	15,00     	10,00     
154  	15a02Na.wav	100,00     	100,00     
155  	15a02Ta.wav	95,00     	75,00     
156  	15a02Wb.wav	100,00     	80,00     
157  	15a02Wd.wav	100,00     	85,00     
158  	16a02Aa.wav	95,00     	50,00     
159  	16a02Ea.wav	100,00     	80,00     
160  	16a02Ec.wav	100,00     	75,00     
161  	16a02Fc.wav	90,00     	55,00     
162  	16a02Lb.wav	100,00     	85,00     
163  	16a02Nb.wav	80,00     	60,00     
164  	16a02Tc.wav	95,00     	85,00     
165  	16a02Wb.wav	100,00     	85,00     
166  	03a04Ac.wav	80,00     	50,00     
167  	03a04Ad.wav	90,00     	65,00     
168  	03a04Eb.wav	60,00     	20,00     
169  	03a04Fd.wav	100,00     	90,00     
170  	03a04Lc.wav	90,00     	85,00     
171  	03a04Nc.wav	100,00     	95,00     
172  	03a04Ta.wav	90,00     	75,00     
173  	03a04Wa.wav	90,00     	45,00     
174  	03a04Wc.wav	100,00     	65,00     
175  	08a04Aa.wav	90,00     	30,00     
176  	08a04Ec.wav	70,00     	25,00     
177  	08a04Ff.wav	100,00     	90,00     
178  	08a04La.wav	95,00     	95,00     
179  	08a04Nc.wav	100,00     	95,00     
180  	08a04Tb.wav	80,00     	70,00     
181  	08a04Wc.wav	100,00     	90,00     
182  	09a04Ab.wav	90,00     	40,00     
183  	09a04Ea.wav	90,00     	55,00     
184  	09a04Fd.wav	100,00     	80,00     
185  	09a04La.wav	100,00     	100,00     
186  	09a04Nb.wav	95,00     	90,00     
187  	09a04Ta.wav	45,00     	15,00     
188  	09a04Wa.wav	100,00     	75,00     
189  	10a04Ab.wav	40,00     	15,00     
190  	10a04Eb.wav	80,00     	20,00     
191  	10a04Fd.wav	80,00     	55,00     
192  	10a04Ld.wav	65,00     	55,00     
193  	10a04Nb.wav	90,00     	65,00     
194  	10a04Tb.wav	65,00     	45,00     
195  	10a04Wa.wav	100,00     	80,00     
196  	10a04Wb.wav	100,00     	85,00     
197  	11a04Ac.wav	95,00     	75,00     
198  	11a04Eb.wav	85,00     	50,00     
199  	11a04Ec.wav	80,00     	20,00     
200  	11a04Fd.wav	90,00     	85,00     
201  	11a04Ld.wav	40,00     	20,00     
202  	11a04Nd.wav	80,00     	55,00     
203  	11a04Tc.wav	75,00     	50,00     
204  	11a04Wa.wav	70,00     	30,00     
205  	11a04Wc.wav	90,00     	65,00     
206  	12a04Aa.wav	95,00     	55,00     
207  	12a04Eb.wav	75,00     	40,00     
208  	12a04Fa.wav	45,00     	10,00     
209  	12a04Fc.wav	55,00     	20,00     
210  	12a04Lb.wav	60,00     	50,00     
211  	12a04Nc.wav	75,00     	50,00     
212  	12a04Tb.wav	75,00     	45,00     
213  	12a04Wc.wav	90,00     	65,00     
214  	13a04Ac.wav	85,00     	65,00     
215  	13a04Ea.wav	65,00     	25,00     
216  	13a04Fc.wav	90,00     	65,00     
217  	13a04Lb.wav	100,00     	90,00     
218  	13a04Nc.wav	65,00     	65,00     
219  	13a04Ta.wav	90,00     	75,00     
220  	13a04Tb.wav	70,00     	45,00     
221  	13a04Tc.wav	75,00     	35,00     
222  	13a04Wc.wav	100,00     	100,00     
223  	14a04Aa.wav	100,00     	75,00     
224  	14a04Ed.wav	80,00     	55,00     
225  	14a04Fc.wav	75,00     	40,00     
226  	14a04Fd.wav	65,00     	25,00     
227  	14a04Lb.wav	95,00     	90,00     
228  	14a04Nb.wav	75,00     	70,00     
229  	14a04Tb.wav	95,00     	85,00     
230  	14a04Tc.wav	100,00     	100,00     
231  	14a04Wb.wav	100,00     	70,00     
232  	14a04Wc.wav	100,00     	60,00     
233  	15a04Ab.wav	100,00     	80,00     
234  	15a04Ac.wav	80,00     	55,00     
235  	15a04Eb.wav	80,00     	35,00     
236  	15a04Fd.wav	90,00     	60,00     
237  	15a04Lb.wav	70,00     	70,00     
238  	15a04Nc.wav	95,00     	95,00     
239  	15a04Tb.wav	95,00     	55,00     
240  	15a04Wa.wav	100,00     	85,00     
241  	15a04Wb.wav	100,00     	95,00     
242  	16a04Ab.wav	85,00     	45,00     
243  	16a04Ea.wav	95,00     	80,00     
244  	16a04Fa.wav	100,00     	85,00     
245  	16a04La.wav	100,00     	90,00     
246  	16a04Lc.wav	100,00     	95,00     
247  	16a04Nc.wav	95,00     	75,00     
248  	16a04Tc.wav	90,00     	75,00     
249  	16a04Wb.wav	100,00     	75,00     
250  	16a04Wc.wav	100,00     	100,00     
251  	03a05Aa.wav	85,00     	55,00     
252  	03a05Ea.wav	75,00     	30,00     
253  	03a05Fc.wav	100,00     	80,00     
254  	03a05La.wav	65,00     	30,00     
255  	03a05Nd.wav	100,00     	90,00     
256  	03a05Ta.wav	45,00     	20,00     
257  	03a05Tc.wav	85,00     	50,00     
258  	03a05Wa.wav	100,00     	85,00     
259  	03a05Wb.wav	100,00     	90,00     
260  	08a05Aa.wav	95,00     	50,00     
261  	08a05Ea.wav	70,00     	35,00     
262  	08a05Fe.wav	100,00     	90,00     
263  	08a05Lc.wav	95,00     	80,00     
264  	08a05Nb.wav	100,00     	95,00     
265  	08a05Ta.wav	95,00     	70,00     
266  	08a05Wa.wav	100,00     	80,00     
267  	09a05Aa.wav	95,00     	55,00     
268  	09a05Ed.wav	100,00     	80,00     
269  	09a05Fa.wav	45,00     	5,00     
270  	09a05Lc.wav	85,00     	65,00     
271  	09a05Nb.wav	100,00     	100,00     
272  	09a05Tb.wav	85,00     	55,00     
273  	09a05Wb.wav	100,00     	95,00     
274  	09a05Wc.wav	95,00     	90,00     
275  	10a05Aa.wav	90,00     	55,00     
276  	10a05Eb.wav	85,00     	40,00     
277  	10a05Fa.wav	70,00     	45,00     
278  	10a05Ld.wav	100,00     	80,00     
279  	10a05Na.wav	90,00     	45,00     
280  	10a05Tb.wav	80,00     	45,00     
281  	10a05Wb.wav	100,00     	70,00     
282  	11a05Ad.wav	100,00     	75,00     
283  	11a05Ea.wav	75,00     	30,00     
284  	11a05Fb.wav	95,00     	70,00     
285  	11a05Fc.wav	100,00     	65,00     
286  	11a05Lc.wav	85,00     	75,00     
287  	11a05Na.wav	85,00     	80,00     
288  	11a05Td.wav	90,00     	60,00     
289  	11a05Wd.wav	100,00     	100,00     
290  	12a05Ab.wav	95,00     	55,00     
291  	12a05Ec.wav	75,00     	25,00     
292  	12a05Fc.wav	25,00     	15,00     
293  	12a05Lb.wav	100,00     	85,00     
294  	12a05Nd.wav	90,00     	75,00     
295  	12a05Ta.wav	90,00     	55,00     
296  	12a05Wb.wav	95,00     	85,00     
297  	13a05Aa.wav	100,00     	80,00     
298  	13a05Ac.wav	75,00     	35,00     
299  	13a05Ea.wav	85,00     	65,00     
300  	13a05Fa.wav	85,00     	40,00     
301  	13a05Lc.wav	90,00     	90,00     
302  	13a05Nb.wav	100,00     	100,00     
303  	13a05Tc.wav	85,00     	70,00     
304  	13a05Wa.wav	95,00     	75,00     
305  	13a05Wc.wav	95,00     	75,00     
306  	14a05Aa.wav	100,00     	90,00     
307  	14a05Ac.wav	95,00     	85,00     
308  	14a05Ea.wav	90,00     	50,00     
309  	14a05Fa.wav	100,00     	80,00     
310  	14a05Fb.wav	100,00     	85,00     
311  	14a05Lb.wav	95,00     	85,00     
312  	14a05Na.wav	95,00     	75,00     
313  	14a05Ta.wav	90,00     	75,00     
314  	14a05Tc.wav	85,00     	60,00     
315  	14a05Wa.wav	100,00     	100,00     
316  	14a05Wb.wav	100,00     	95,00     
317  	15a05Ab.wav	85,00     	50,00     
318  	15a05Eb.wav	100,00     	85,00     
319  	15a05Fb.wav	85,00     	60,00     
320  	15a05Lb.wav	95,00     	90,00     
321  	15a05Na.wav	100,00     	90,00     
322  	15a05Ta.wav	85,00     	40,00     
323  	15a05Tb.wav	85,00     	35,00     
324  	15a05Wa.wav	100,00     	95,00     
325  	16a05Ab.wav	95,00     	80,00     
326  	16a05Ea.wav	90,00     	60,00     
327  	16a05Fc.wav	90,00     	55,00     
328  	16a05La.wav	100,00     	100,00     
329  	16a05Na.wav	55,00     	50,00     
330  	16a05Tb.wav	100,00     	75,00     
331  	16a05Wb.wav	100,00     	90,00     
332  	16a05Wc.wav	100,00     	90,00     
333  	03a07Ad.wav	65,00     	45,00     
334  	03a07Ea.wav	85,00     	45,00     
335  	03a07Fa.wav	85,00     	80,00     
336  	03a07Fb.wav	95,00     	70,00     
337  	03a07La.wav	95,00     	80,00     
338  	03a07Nc.wav	100,00     	100,00     
339  	03a07Tc.wav	75,00     	60,00     
340  	03a07Wc.wav	85,00     	60,00     
341  	08a07Aa.wav	90,00     	45,00     
342  	08a07Ed.wav	65,00     	5,00     
343  	08a07Fd.wav	80,00     	70,00     
344  	08a07La.wav	90,00     	75,00     
345  	08a07Na.wav	100,00     	80,00     
346  	08a07Ta.wav	80,00     	75,00     
347  	08a07Tb.wav	95,00     	95,00     
348  	08a07Wc.wav	95,00     	75,00     
349  	09a07Aa.wav	90,00     	55,00     
350  	09a07Eb.wav	95,00     	60,00     
351  	09a07Fd.wav	70,00     	20,00     
352  	09a07Lc.wav	70,00     	45,00     
353  	09a07Na.wav	95,00     	85,00     
354  	09a07Ta.wav	85,00     	60,00     
355  	09a07Wb.wav	100,00     	100,00     
356  	09a07Wd.wav	100,00     	75,00     
357  	10a07Aa.wav	90,00     	70,00     
358  	10a07Ad.wav	85,00     	55,00     
359  	10a07Eb.wav	90,00     	45,00     
360  	10a07Fb.wav	75,00     	35,00     
361  	10a07La.wav	95,00     	90,00     
362  	10a07Nb.wav	60,00     	30,00     
363  	10a07Ta.wav	85,00     	60,00     
364  	10a07Wb.wav	95,00     	90,00     
365  	11a07Ac.wav	80,00     	65,00     
366  	11a07Ec.wav	80,00     	40,00     
367  	11a07Fd.wav	95,00     	40,00     
368  	11a07Ld.wav	90,00     	80,00     
369  	11a07Nb.wav	85,00     	50,00     
370  	11a07Ta.wav	80,00     	70,00     
371  	11a07Wc.wav	90,00     	70,00     
372  	12a07Ac.wav	100,00     	85,00     
373  	12a07Ec.wav	90,00     	15,00     
374  	12a07Fd.wav	65,00     	50,00     
375  	12a07La.wav	90,00     	70,00     
376  	12a07Nb.wav	80,00     	55,00     
377  	12a07Tc.wav	30,00     	10,00     
378  	12a07Wa.wav	80,00     	60,00     
379  	12a07Wc.wav	75,00     	65,00     
380  	13a07Aa.wav	75,00     	35,00     
381  	13a07Ea.wav	55,00     	25,00     
382  	13a07Fd.wav	90,00     	65,00     
383  	13a07Lb.wav	85,00     	85,00     
384  	13a07Na.wav	90,00     	85,00     
385  	13a07Tc.wav	80,00     	65,00     
386  	13a07Wb.wav	100,00     	80,00     
387  	14a07Aa.wav	100,00     	95,00     
388  	14a07Eb.wav	95,00     	75,00     
389  	14a07Fd.wav	95,00     	65,00     
390  	14a07Lc.wav	90,00     	80,00     
391  	14a07Ld.wav	85,00     	70,00     
392  	14a07Na.wav	95,00     	75,00     
393  	14a07Tc.wav	90,00     	80,00     
394  	14a07Wc.wav	95,00     	95,00     
395  	15a07Ac.wav	90,00     	75,00     
396  	15a07Eb.wav	95,00     	75,00     
397  	15a07Fa.wav	90,00     	70,00     
398  	15a07Fb.wav	100,00     	80,00     
399  	15a07Ld.wav	95,00     	85,00     
400  	15a07Nc.wav	100,00     	95,00     
401  	15a07Tc.wav	70,00     	40,00     
402  	15a07Wb.wav	65,00     	45,00     
403  	16a07Ac.wav	75,00     	50,00     
404  	16a07Ea.wav	95,00     	85,00     
405  	16a07Fa.wav	80,00     	55,00     
406  	16a07Fb.wav	100,00     	85,00     
407  	16a07La.wav	85,00     	65,00     
408  	16a07Lb.wav	100,00     	95,00     
409  	16a07Nb.wav	90,00     	65,00     
410  	16a07Td.wav	95,00     	85,00     
411  	16a07Wa.wav	90,00     	75,00     
412  	03b01Ad.wav	75,00     	35,00     
413  	03b01Ed.wav	85,00     	40,00     
414  	03b01Fa.wav	80,00     	60,00     
415  	03b01Lb.wav	85,00     	65,00     
416  	03b01Nb.wav	95,00     	85,00     
417  	03b01Td.wav	90,00     	55,00     
418  	03b01Te.wav	60,00     	50,00     
419  	03b01Wa.wav	100,00     	100,00     
420  	03b01Wc.wav	95,00     	95,00     
421  	08b01Aa.wav	95,00     	75,00     
422  	08b01Eb.wav	85,00     	40,00     
423  	08b01Fd.wav	85,00     	65,00     
424  	08b01Fe.wav	95,00     	65,00     
425  	08b01Lb.wav	95,00     	60,00     
426  	08b01Na.wav	90,00     	75,00     
427  	08b01Ta.wav	85,00     	50,00     
428  	08b01Wa.wav	100,00     	95,00     
429  	09b01Aa.wav	60,00     	30,00     
430  	09b01Ad.wav	45,00     	30,00     
431  	09b01Ea.wav	100,00     	85,00     
432  	09b01Fd.wav	65,00     	20,00     
433  	09b01Lb.wav	75,00     	50,00     
434  	09b01Na.wav	90,00     	80,00     
435  	09b01Td.wav	65,00     	30,00     
436  	09b01Wb.wav	95,00     	90,00     
437  	10b01Aa.wav	90,00     	70,00     
438  	10b01Ea.wav	90,00     	70,00     
439  	10b01Fa.wav	95,00     	65,00     
440  	10b01Lb.wav	90,00     	85,00     
441  	10b01Na.wav	45,00     	20,00     
442  	10b01Nb.wav	35,00     	15,00     
443  	10b01Ta.wav	70,00     	35,00     
444  	10b01Tb.wav	50,00     	20,00     
445  	10b01Wb.wav	100,00     	55,00     
446  	11b01Ab.wav	95,00     	75,00     
447  	11b01Eb.wav	85,00     	50,00     
448  	11b01Fb.wav	85,00     	45,00     
449  	11b01Fc.wav	100,00     	75,00     
450  	11b01Lb.wav	85,00     	55,00     
451  	11b01Nc.wav	95,00     	90,00     
452  	11b01Td.wav	55,00     	30,00     
453  	11b01Wd.wav	95,00     	70,00     
454  	12b01Ad.wav	70,00     	10,00     
455  	12b01Ea.wav	85,00     	35,00     
456  	12b01Fd.wav	95,00     	45,00     
457  	12b01Lb.wav	70,00     	35,00     
458  	12b01Nb.wav	90,00     	55,00     
459  	12b01Ta.wav	90,00     	65,00     
460  	12b01Wa.wav	95,00     	75,00     
461  	13b01Ab.wav	100,00     	95,00     
462  	13b01Ec.wav	95,00     	70,00     
463  	13b01Fc.wav	100,00     	85,00     
464  	13b01Ld.wav	95,00     	80,00     
465  	13b01Nc.wav	85,00     	60,00     
466  	13b01Td.wav	60,00     	45,00     
467  	13b01Wa.wav	100,00     	95,00     
468  	14b01Ac.wav	100,00     	85,00     
469  	14b01Eb.wav	100,00     	70,00     
470  	14b01Fa.wav	85,00     	65,00     
471  	14b01Fc.wav	100,00     	75,00     
472  	14b01Lb.wav	75,00     	55,00     
473  	14b01Na.wav	85,00     	70,00     
474  	14b01Ta.wav	75,00     	60,00     
475  	14b01Wc.wav	95,00     	90,00     
476  	15b01Aa.wav	90,00     	40,00     
477  	15b01Ec.wav	100,00     	75,00     
478  	15b01Fa.wav	65,00     	35,00     
479  	15b01Lb.wav	85,00     	75,00     
480  	15b01Na.wav	90,00     	80,00     
481  	15b01Ta.wav	85,00     	45,00     
482  	15b01Wc.wav	100,00     	95,00     
483  	16b01Aa.wav	95,00     	80,00     
484  	16b01Eb.wav	100,00     	85,00     
485  	16b01Fa.wav	80,00     	70,00     
486  	16b01La.wav	95,00     	75,00     
487  	16b01Lc.wav	95,00     	75,00     
488  	16b01Nc.wav	40,00     	15,00     
489  	16b01Tb.wav	100,00     	80,00     
490  	16b01Wa.wav	100,00     	100,00     
491  	16b01Wb.wav	100,00     	100,00     
492  	03b02Aa.wav	85,00     	70,00     
493  	03b02Ed.wav	75,00     	25,00     
494  	03b02Fc.wav	70,00     	55,00     
495  	03b02La.wav	95,00     	80,00     
496  	03b02Na.wav	100,00     	95,00     
497  	03b02Tb.wav	80,00     	55,00     
498  	03b02Tc.wav	90,00     	50,00     
499  	03b02Wb.wav	95,00     	80,00     
500  	08b02Ac.wav	85,00     	35,00     
501  	08b02Ed.wav	55,00     	20,00     
502  	08b02Ff.wav	100,00     	85,00     
503  	08b02La.wav	95,00     	90,00     
504  	08b02Nb.wav	95,00     	95,00     
505  	08b02Tc.wav	90,00     	65,00     
506  	08b02Wd.wav	100,00     	100,00     
507  	09b02Ad.wav	75,00     	30,00     
508  	09b02Ed.wav	50,00     	5,00     
509  	09b02Fb.wav	85,00     	45,00     
510  	09b02La.wav	70,00     	40,00     
511  	09b02Na.wav	100,00     	90,00     
512  	09b02Tb.wav	80,00     	50,00     
513  	09b02Wc.wav	90,00     	65,00     
514  	09b02Wd.wav	95,00     	80,00     
515  	10b02Aa.wav	100,00     	60,00     
516  	10b02Ea.wav	75,00     	50,00     
517  	10b02Fa.wav	60,00     	15,00     
518  	10b02La.wav	95,00     	80,00     
519  	10b02Na.wav	80,00     	65,00     
520  	10b02Ta.wav	65,00     	40,00     
521  	10b02Tb.wav	60,00     	25,00     
522  	10b02Wb.wav	95,00     	75,00     
523  	11b02Ab.wav	85,00     	75,00     
524  	11b02Eb.wav	65,00     	25,00     
525  	11b02Fd.wav	100,00     	80,00     
526  	11b02Ld.wav	45,00     	30,00     
527  	11b02Na.wav	90,00     	90,00     
528  	11b02Td.wav	85,00     	65,00     
529  	11b02Wb.wav	95,00     	70,00     
530  	11b02Wd.wav	75,00     	55,00     
531  	12b02Ad.wav	95,00     	65,00     
532  	12b02Ea.wav	80,00     	55,00     
533  	12b02Fb.wav	85,00     	65,00     
534  	12b02La.wav	75,00     	50,00     
535  	12b02Na.wav	90,00     	70,00     
536  	12b02Tb.wav	55,00     	20,00     
537  	12b02Wa.wav	100,00     	95,00     
538  	12b02Wb.wav	100,00     	85,00     
539  	12b02Wd.wav	100,00     	100,00     
540  	13b02Aa.wav	90,00     	45,00     
541  	13b02Ea.wav	80,00     	50,00     
542  	13b02Fb.wav	100,00     	85,00     
543  	13b02Lc.wav	100,00     	90,00     
544  	13b02Nb.wav	95,00     	85,00     
545  	13b02Tb.wav	65,00     	45,00     
546  	13b02Tc.wav	65,00     	35,00     
547  	13b02Wa.wav	100,00     	80,00     
548  	14b02Aa.wav	90,00     	70,00     
549  	14b02Eb.wav	90,00     	50,00     
550  	14b02Fb.wav	95,00     	85,00     
551  	14b02Lc.wav	60,00     	45,00     
552  	14b02Na.wav	100,00     	90,00     
553  	14b02Tc.wav	95,00     	80,00     
554  	14b02Wb.wav	95,00     	75,00     
555  	14b02Wd.wav	100,00     	80,00     
556  	15b02Aa.wav	85,00     	55,00     
557  	15b02Eb.wav	80,00     	40,00     
558  	15b02Fb.wav	75,00     	40,00     
559  	15b02Lb.wav	95,00     	95,00     
560  	15b02Nd.wav	100,00     	100,00     
561  	15b02Tc.wav	90,00     	55,00     
562  	15b02Wa.wav	95,00     	75,00     
563  	15b02Wc.wav	95,00     	75,00     
564  	16b02Aa.wav	100,00     	85,00     
565  	16b02Eb.wav	85,00     	75,00     
566  	16b02Fd.wav	100,00     	75,00     
567  	16b02Lb.wav	95,00     	80,00     
568  	16b02Nc.wav	70,00     	55,00     
569  	16b02Td.wav	75,00     	60,00     
570  	16b02Wb.wav	95,00     	85,00     
571  	03b03Aa.wav	61,90     	19,05     
572  	03b03Ab.wav	76,19     	23,81     
573  	03b03Ed.wav	57,14     	19,05     
574  	03b03Fc.wav	85,71     	38,10     
575  	03b03La.wav	61,90     	42,86     
576  	03b03Nb.wav	95,24     	80,95     
577  	03b03Ta.wav	76,19     	57,14     
578  	03b03Tc.wav	95,24     	80,95     
579  	03b03Wc.wav	95,24     	85,71     
580  	08b03Aa.wav	95,24     	57,14     
581  	08b03Ab.wav	90,48     	47,62     
582  	08b03Eb.wav	71,43     	42,86     
583  	08b03Fe.wav	95,24     	80,95     
584  	08b03Lc.wav	95,24     	61,90     
585  	08b03Nb.wav	100,00     	90,48     
586  	08b03Tc.wav	100,00     	76,19     
587  	08b03Wd.wav	95,24     	76,19     
588  	09b03Aa.wav	90,48     	33,33     
589  	09b03Ed.wav	100,00     	66,67     
590  	09b03Fa.wav	90,48     	61,90     
591  	09b03Fd.wav	90,48     	57,14     
592  	09b03Lb.wav	90,48     	80,95     
593  	09b03Nb.wav	95,24     	80,95     
594  	09b03Ta.wav	80,95     	66,67     
595  	09b03Wb.wav	100,00     	85,71     
596  	10b03Aa.wav	95,24     	28,57     
597  	10b03Ab.wav	66,67     	9,52     
598  	10b03Ea.wav	52,38     	19,05     
599  	10b03Fd.wav	90,48     	57,14     
600  	10b03La.wav	100,00     	76,19     
601  	10b03Na.wav	61,90     	47,62     
602  	10b03Tb.wav	85,71     	61,90     
603  	10b03Wb.wav	95,24     	80,95     
604  	10b03Wd.wav	76,19     	57,14     
605  	11b03Ab.wav	76,19     	38,10     
606  	11b03Eb.wav	57,14     	38,10     
607  	11b03Fc.wav	100,00     	80,95     
608  	11b03Lc.wav	85,71     	61,90     
609  	11b03Nb.wav	95,24     	76,19     
610  	11b03Td.wav	90,48     	66,67     
611  	11b03Wa.wav	100,00     	90,48     
612  	11b03Wb.wav	100,00     	85,71     
613  	12b03Ab.wav	90,48     	42,86     
614  	12b03Ea.wav	66,67     	9,52     
615  	12b03Fd.wav	38,10     	14,29     
616  	12b03La.wav	100,00     	80,95     
617  	12b03Nc.wav	66,67     	42,86     
618  	12b03Ta.wav	90,48     	52,38     
619  	12b03Wd.wav	85,71     	42,86     
620  	13b03Ac.wav	95,24     	76,19     
621  	13b03Ed.wav	85,71     	66,67     
622  	13b03Fd.wav	100,00     	66,67     
623  	13b03Lb.wav	100,00     	90,48     
624  	13b03Na.wav	90,48     	90,48     
625  	13b03Td.wav	95,24     	90,48     
626  	13b03Wc.wav	95,24     	80,95     
627  	14b03Ad.wav	100,00     	85,71     
628  	14b03Ed.wav	95,24     	90,48     
629  	14b03Fb.wav	76,19     	52,38     
630  	14b03Lb.wav	100,00     	95,24     
631  	14b03Na.wav	76,19     	61,90     
632  	14b03Nb.wav	61,90     	47,62     
633  	14b03Ta.wav	80,95     	71,43     
634  	14b03Wb.wav	100,00     	90,48     
635  	15b03Aa.wav	90,48     	61,90     
636  	15b03Ab.wav	57,14     	23,81     
637  	15b03Eb.wav	90,48     	52,38     
638  	15b03Fc.wav	76,19     	52,38     
639  	15b03La.wav	76,19     	76,19     
640  	15b03Lc.wav	90,48     	80,95     
641  	15b03Nb.wav	95,24     	80,95     
642  	15b03Tc.wav	95,24     	61,90     
643  	15b03Wa.wav	100,00     	76,19     
644  	15b03Wb.wav	100,00     	85,71     
645  	16b03Ad.wav	90,48     	66,67     
646  	16b03Ea.wav	95,24     	76,19     
647  	16b03Fa.wav	95,24     	71,43     
648  	16b03Fd.wav	100,00     	85,71     
649  	16b03La.wav	95,24     	90,48     
650  	16b03Nb.wav	95,24     	80,95     
651  	16b03Ta.wav	80,95     	80,95     
652  	16b03Wb.wav	100,00     	80,95     
653  	03b09Aa.wav	55,00     	25,00     
654  	03b09Ec.wav	20,00     	5,00     
655  	03b09Fa.wav	90,00     	45,00     
656  	03b09La.wav	85,00     	65,00     
657  	03b09Nc.wav	95,00     	95,00     
658  	03b09Tc.wav	90,00     	85,00     
659  	03b09Wa.wav	95,00     	90,00     
660  	08b09Ab.wav	95,00     	70,00     
661  	08b09Ea.wav	20,00     	0,00     
662  	08b09Fd.wav	95,00     	65,00     
663  	08b09Lc.wav	100,00     	90,00     
664  	08b09Nb.wav	100,00     	85,00     
665  	08b09Tb.wav	95,00     	75,00     
666  	08b09Wa.wav	95,00     	90,00     
667  	08b09Wc.wav	100,00     	85,00     
668  	09b09Ab.wav	60,00     	25,00     
669  	09b09Ad.wav	80,00     	30,00     
670  	09b09Ea.wav	90,00     	60,00     
671  	09b09Fb.wav	60,00     	20,00     
672  	09b09Fd.wav	55,00     	25,00     
673  	09b09Lb.wav	40,00     	35,00     
674  	09b09Nd.wav	85,00     	75,00     
675  	09b09Tb.wav	60,00     	40,00     
676  	09b09Td.wav	75,00     	65,00     
677  	09b09Wa.wav	95,00     	75,00     
678  	10b09Ad.wav	95,00     	60,00     
679  	10b09Ae.wav	80,00     	45,00     
680  	10b09Ea.wav	85,00     	30,00     
681  	10b09Fe.wav	40,00     	25,00     
682  	10b09Lb.wav	100,00     	75,00     
683  	10b09Nb.wav	40,00     	25,00     
684  	10b09Ta.wav	90,00     	55,00     
685  	10b09Wb.wav	100,00     	95,00     
686  	11b09Ad.wav	90,00     	70,00     
687  	11b09Ea.wav	50,00     	35,00     
688  	11b09Fd.wav	95,00     	80,00     
689  	11b09Ld.wav	100,00     	85,00     
690  	11b09Na.wav	95,00     	90,00     
691  	11b09Td.wav	80,00     	75,00     
692  	11b09Wa.wav	90,00     	85,00     
693  	12b09Aa.wav	70,00     	40,00     
694  	12b09Ac.wav	85,00     	55,00     
695  	12b09Ea.wav	80,00     	35,00     
696  	12b09Fb.wav	70,00     	30,00     
697  	12b09Lb.wav	70,00     	55,00     
698  	12b09Lc.wav	95,00     	55,00     
699  	12b09Nc.wav	50,00     	35,00     
700  	12b09Td.wav	90,00     	55,00     
701  	12b09Wc.wav	95,00     	75,00     
702  	13b09Ab.wav	100,00     	65,00     
703  	13b09Ac.wav	100,00     	55,00     
704  	13b09Ec.wav	80,00     	55,00     
705  	13b09Fb.wav	100,00     	75,00     
706  	13b09Fc.wav	100,00     	80,00     
707  	13b09La.wav	80,00     	80,00     
708  	13b09Na.wav	90,00     	85,00     
709  	13b09Ta.wav	75,00     	60,00     
710  	13b09Wa.wav	95,00     	80,00     
711  	13b09Wc.wav	60,00     	55,00     
712  	14b09Ac.wav	100,00     	95,00     
713  	14b09Ea.wav	95,00     	75,00     
714  	14b09Fc.wav	90,00     	70,00     
715  	14b09Lb.wav	95,00     	80,00     
716  	14b09Nb.wav	75,00     	65,00     
717  	14b09Tb.wav	95,00     	80,00     
718  	14b09Td.wav	95,00     	95,00     
719  	14b09Wa.wav	90,00     	70,00     
720  	14b09Wc.wav	95,00     	95,00     
721  	15b09Ac.wav	95,00     	85,00     
722  	15b09Eb.wav	100,00     	55,00     
723  	15b09Fa.wav	85,00     	60,00     
724  	15b09La.wav	90,00     	75,00     
725  	15b09Nb.wav	95,00     	85,00     
726  	15b09Ta.wav	100,00     	70,00     
727  	15b09Wb.wav	100,00     	80,00     
728  	16b09Ab.wav	80,00     	45,00     
729  	16b09Eb.wav	95,00     	80,00     
730  	16b09Fb.wav	85,00     	70,00     
731  	16b09La.wav	90,00     	60,00     
732  	16b09Lb.wav	100,00     	80,00     
733  	16b09Nb.wav	70,00     	60,00     
734  	16b09Tc.wav	75,00     	65,00     
735  	16b09Wb.wav	100,00     	90,00     
736  	03b10Ab.wav	95,00     	60,00     
737  	03b10Ea.wav	60,00     	30,00     
738  	03b10Ec.wav	90,00     	55,00     
739  	03b10Fa.wav	50,00     	30,00     
740  	03b10La.wav	75,00     	60,00     
741  	03b10Na.wav	100,00     	90,00     
742  	03b10Nc.wav	80,00     	80,00     
743  	03b10Td.wav	70,00     	45,00     
744  	03b10Wb.wav	95,00     	90,00     
745  	03b10Wc.wav	100,00     	90,00     
746  	08b10Aa.wav	95,00     	60,00     
747  	08b10Eb.wav	65,00     	45,00     
748  	08b10Fd.wav	100,00     	80,00     
749  	08b10La.wav	95,00     	90,00     
750  	08b10Nc.wav	90,00     	75,00     
751  	08b10Tc.wav	100,00     	70,00     
752  	08b10Wa.wav	100,00     	75,00     
753  	09b10Aa.wav	85,00     	65,00     
754  	09b10Ea.wav	90,00     	45,00     
755  	09b10Fb.wav	55,00     	15,00     
756  	09b10La.wav	20,00     	20,00     
757  	09b10Nd.wav	95,00     	80,00     
758  	09b10Ta.wav	65,00     	45,00     
759  	09b10Wa.wav	100,00     	90,00     
760  	10b10Aa.wav	95,00     	50,00     
761  	10b10Eb.wav	65,00     	40,00     
762  	10b10Fc.wav	100,00     	80,00     
763  	10b10Lc.wav	85,00     	85,00     
764  	10b10Nb.wav	75,00     	70,00     
765  	10b10Tc.wav	55,00     	40,00     
766  	10b10Wa.wav	100,00     	100,00     
767  	11b10Ad.wav	95,00     	60,00     
768  	11b10Ae.wav	100,00     	65,00     
769  	11b10Eb.wav	75,00     	35,00     
770  	11b10Fa.wav	75,00     	50,00     
771  	11b10Ld.wav	80,00     	60,00     
772  	11b10Nc.wav	80,00     	75,00     
773  	11b10Td.wav	95,00     	80,00     
774  	11b10Wa.wav	95,00     	65,00     
775  	11b10Wb.wav	90,00     	50,00     
776  	12b10Ac.wav	85,00     	55,00     
777  	12b10Ed.wav	65,00     	30,00     
778  	12b10Fd.wav	70,00     	25,00     
779  	12b10Ld.wav	90,00     	70,00     
780  	12b10Nc.wav	70,00     	35,00     
781  	12b10Td.wav	60,00     	35,00     
782  	12b10Wa.wav	100,00     	75,00     
783  	13b10Aa.wav	70,00     	65,00     
784  	13b10Ac.wav	70,00     	25,00     
785  	13b10Ec.wav	80,00     	65,00     
786  	13b10Fa.wav	80,00     	70,00     
787  	13b10La.wav	90,00     	75,00     
788  	13b10Nc.wav	100,00     	100,00     
789  	13b10Ta.wav	75,00     	60,00     
790  	13b10Wa.wav	100,00     	85,00     
791  	13b10Wc.wav	95,00     	85,00     
792  	14b10Ad.wav	85,00     	60,00     
793  	14b10Eb.wav	85,00     	70,00     
794  	14b10Fa.wav	70,00     	45,00     
795  	14b10Lb.wav	95,00     	85,00     
796  	14b10Nb.wav	95,00     	70,00     
797  	14b10Tc.wav	90,00     	80,00     
798  	14b10Wc.wav	100,00     	100,00     
799  	15b10Ab.wav	70,00     	35,00     
800  	15b10Ac.wav	95,00     	70,00     
801  	15b10Eb.wav	70,00     	50,00     
802  	15b10Fb.wav	50,00     	30,00     
803  	15b10Lc.wav	85,00     	80,00     
804  	15b10Nb.wav	100,00     	80,00     
805  	15b10Nc.wav	100,00     	100,00     
806  	15b10Ta.wav	90,00     	45,00     
807  	15b10Wa.wav	95,00     	60,00     
808  	16b10Aa.wav	100,00     	90,00     
809  	16b10Eb.wav	80,00     	55,00     
810  	16b10Fb.wav	85,00     	70,00     
811  	16b10Lb.wav	100,00     	90,00     
812  	16b10Nb.wav	70,00     	65,00     
813  	16b10Tb.wav	90,00     	70,00     
814  	16b10Td.wav	95,00     	70,00     
815  	16b10Wa.wav	100,00     	100,00     
816  	16b10Wb.wav	100,00     	75,00   
